C:\Users\Kian\Desktop\vst_analysis\build\sigcache\sine_E2-844c1a7d1a.wav	C:\Users\Kian\Desktop\vst_analysis\results\shift-current\20260915-192359-full-folded-final\wav\0_sine_E2_-12.wav	shift=-12
C:\Users\Kian\Desktop\vst_analysis\build\sigcache\sine_E2-844c1a7d1a.wav	C:\Users\Kian\Desktop\vst_analysis\results\shift-current\20260915-192359-full-folded-final\wav\0_sine_E2_-7.wav	shift=-7
C:\Users\Kian\Desktop\vst_analysis\build\sigcache\sine_E2-844c1a7d1a.wav	C:\Users\Kian\Desktop\vst_analysis\results\shift-current\20260915-192359-full-folded-final\wav\0_sine_E2_-5.wav	shift=-5
C:\Users\Kian\Desktop\vst_analysis\build\sigcache\sine_E2-844c1a7d1a.wav	C:\Users\Kian\Desktop\vst_analysis\results\shift-current\20260915-192359-full-folded-final\wav\0_sine_E2_-1.wav	shift=-1
C:\Users\Kian\Desktop\vst_analysis\build\sigcache\sine_E2-844c1a7d1a.wav	C:\Users\Kian\Desktop\vst_analysis\results\shift-current\20260915-192359-full-folded-final\wav\0_sine_E2_+1.wav	shift=1
C:\Users\Kian\Desktop\vst_analysis\build\sigcache\sine_E2-844c1a7d1a.wav	C:\Users\Kian\Desktop\vst_analysis\results\shift-current\20260915-192359-full-folded-final\wav\0_sine_E2_+5.wav	shift=5
C:\Users\Kian\Desktop\vst_analysis\build\sigcache\sine_E2-844c1a7d1a.wav	C:\Users\Kian\Desktop\vst_analysis\results\shift-current\20260915-192359-full-folded-final\wav\0_sine_E2_+7.wav	shift=7
C:\Users\Kian\Desktop\vst_analysis\build\sigcache\sine_E2-844c1a7d1a.wav	C:\Users\Kian\Desktop\vst_analysis\results\shift-current\20260915-192359-full-folded-final\wav\0_sine_E2_+12.wav	shift=12
C:\Users\Kian\Desktop\vst_analysis\build\sigcache\sine_A2-ad2e7cbca3.wav	C:\Users\Kian\Desktop\vst_analysis\results\shift-current\20260915-192359-full-folded-final\wav\0_sine_A2_-12.wav	shift=-12
C:\Users\Kian\Desktop\vst_analysis\build\sigcache\sine_A2-ad2e7cbca3.wav	C:\Users\Kian\Desktop\vst_analysis\results\shift-current\20260915-192359-full-folded-final\wav\0_sine_A2_-7.wav	shift=-7
C:\Users\Kian\Desktop\vst_analysis\build\sigcache\sine_A2-ad2e7cbca3.wav	C:\Users\Kian\Desktop\vst_analysis\results\shift-current\20260915-192359-full-folded-final\wav\0_sine_A2_-5.wav	shift=-5
C:\Users\Kian\Desktop\vst_analysis\build\sigcache\sine_A2-ad2e7cbca3.wav	C:\Users\Kian\Desktop\vst_analysis\results\shift-current\20260915-192359-full-folded-final\wav\0_sine_A2_-1.wav	shift=-1
C:\Users\Kian\Desktop\vst_analysis\build\sigcache\sine_A2-ad2e7cbca3.wav	C:\Users\Kian\Desktop\vst_analysis\results\shift-current\20260915-192359-full-folded-final\wav\0_sine_A2_+1.wav	shift=1
C:\Users\Kian\Desktop\vst_analysis\build\sigcache\sine_A2-ad2e7cbca3.wav	C:\Users\Kian\Desktop\vst_analysis\results\shift-current\20260915-192359-full-folded-final\wav\0_sine_A2_+5.wav	shift=5
C:\Users\Kian\Desktop\vst_analysis\build\sigcache\sine_A2-ad2e7cbca3.wav	C:\Users\Kian\Desktop\vst_analysis\results\shift-current\20260915-192359-full-folded-final\wav\0_sine_A2_+7.wav	shift=7
C:\Users\Kian\Desktop\vst_analysis\build\sigcache\sine_A2-ad2e7cbca3.wav	C:\Users\Kian\Desktop\vst_analysis\results\shift-current\20260915-192359-full-folded-final\wav\0_sine_A2_+12.wav	shift=12
C:\Users\Kian\Desktop\vst_analysis\build\sigcache\sine_E3-6b60d99dfe.wav	C:\Users\Kian\Desktop\vst_analysis\results\shift-current\20260915-192359-full-folded-final\wav\0_sine_E3_-12.wav	shift=-12
C:\Users\Kian\Desktop\vst_analysis\build\sigcache\sine_E3-6b60d99dfe.wav	C:\Users\Kian\Desktop\vst_analysis\results\shift-current\20260915-192359-full-folded-final\wav\0_sine_E3_-7.wav	shift=-7
C:\Users\Kian\Desktop\vst_analysis\build\sigcache\sine_E3-6b60d99dfe.wav	C:\Users\Kian\Desktop\vst_analysis\results\shift-current\20260915-192359-full-folded-final\wav\0_sine_E3_-5.wav	shift=-5
C:\Users\Kian\Desktop\vst_analysis\build\sigcache\sine_E3-6b60d99dfe.wav	C:\Users\Kian\Desktop\vst_analysis\results\shift-current\20260915-192359-full-folded-final\wav\0_sine_E3_-1.wav	shift=-1
C:\Users\Kian\Desktop\vst_analysis\build\sigcache\sine_E3-6b60d99dfe.wav	C:\Users\Kian\Desktop\vst_analysis\results\shift-current\20260915-192359-full-folded-final\wav\0_sine_E3_+1.wav	shift=1
C:\Users\Kian\Desktop\vst_analysis\build\sigcache\sine_E3-6b60d99dfe.wav	C:\Users\Kian\Desktop\vst_analysis\results\shift-current\20260915-192359-full-folded-final\wav\0_sine_E3_+5.wav	shift=5
C:\Users\Kian\Desktop\vst_analysis\build\sigcache\sine_E3-6b60d99dfe.wav	C:\Users\Kian\Desktop\vst_analysis\results\shift-current\20260915-192359-full-folded-final\wav\0_sine_E3_+7.wav	shift=7
C:\Users\Kian\Desktop\vst_analysis\build\sigcache\sine_E3-6b60d99dfe.wav	C:\Users\Kian\Desktop\vst_analysis\results\shift-current\20260915-192359-full-folded-final\wav\0_sine_E3_+12.wav	shift=12
C:\Users\Kian\Desktop\vst_analysis\build\sigcache\sine_A4-27c4d80bf3.wav	C:\Users\Kian\Desktop\vst_analysis\results\shift-current\20260915-192359-full-folded-final\wav\0_sine_A4_-12.wav	shift=-12
C:\Users\Kian\Desktop\vst_analysis\build\sigcache\sine_A4-27c4d80bf3.wav	C:\Users\Kian\Desktop\vst_analysis\results\shift-current\20260915-192359-full-folded-final\wav\0_sine_A4_-7.wav	shift=-7
C:\Users\Kian\Desktop\vst_analysis\build\sigcache\sine_A4-27c4d80bf3.wav	C:\Users\Kian\Desktop\vst_analysis\results\shift-current\20260915-192359-full-folded-final\wav\0_sine_A4_-5.wav	shift=-5
C:\Users\Kian\Desktop\vst_analysis\build\sigcache\sine_A4-27c4d80bf3.wav	C:\Users\Kian\Desktop\vst_analysis\results\shift-current\20260915-192359-full-folded-final\wav\0_sine_A4_-1.wav	shift=-1
C:\Users\Kian\Desktop\vst_analysis\build\sigcache\sine_A4-27c4d80bf3.wav	C:\Users\Kian\Desktop\vst_analysis\results\shift-current\20260915-192359-full-folded-final\wav\0_sine_A4_+1.wav	shift=1
C:\Users\Kian\Desktop\vst_analysis\build\sigcache\sine_A4-27c4d80bf3.wav	C:\Users\Kian\Desktop\vst_analysis\results\shift-current\20260915-192359-full-folded-final\wav\0_sine_A4_+5.wav	shift=5
C:\Users\Kian\Desktop\vst_analysis\build\sigcache\sine_A4-27c4d80bf3.wav	C:\Users\Kian\Desktop\vst_analysis\results\shift-current\20260915-192359-full-folded-final\wav\0_sine_A4_+7.wav	shift=7
C:\Users\Kian\Desktop\vst_analysis\build\sigcache\sine_A4-27c4d80bf3.wav	C:\Users\Kian\Desktop\vst_analysis\results\shift-current\20260915-192359-full-folded-final\wav\0_sine_A4_+12.wav	shift=12
C:\Users\Kian\Desktop\vst_analysis\build\sigcache\sine_E5-8d7c56925c.wav	C:\Users\Kian\Desktop\vst_analysis\results\shift-current\20260915-192359-full-folded-final\wav\0_sine_E5_-12.wav	shift=-12
C:\Users\Kian\Desktop\vst_analysis\build\sigcache\sine_E5-8d7c56925c.wav	C:\Users\Kian\Desktop\vst_analysis\results\shift-current\20260915-192359-full-folded-final\wav\0_sine_E5_-7.wav	shift=-7
C:\Users\Kian\Desktop\vst_analysis\build\sigcache\sine_E5-8d7c56925c.wav	C:\Users\Kian\Desktop\vst_analysis\results\shift-current\20260915-192359-full-folded-final\wav\0_sine_E5_-5.wav	shift=-5
C:\Users\Kian\Desktop\vst_analysis\build\sigcache\sine_E5-8d7c56925c.wav	C:\Users\Kian\Desktop\vst_analysis\results\shift-current\20260915-192359-full-folded-final\wav\0_sine_E5_-1.wav	shift=-1
C:\Users\Kian\Desktop\vst_analysis\build\sigcache\sine_E5-8d7c56925c.wav	C:\Users\Kian\Desktop\vst_analysis\results\shift-current\20260915-192359-full-folded-final\wav\0_sine_E5_+1.wav	shift=1
C:\Users\Kian\Desktop\vst_analysis\build\sigcache\sine_E5-8d7c56925c.wav	C:\Users\Kian\Desktop\vst_analysis\results\shift-current\20260915-192359-full-folded-final\wav\0_sine_E5_+5.wav	shift=5
C:\Users\Kian\Desktop\vst_analysis\build\sigcache\sine_E5-8d7c56925c.wav	C:\Users\Kian\Desktop\vst_analysis\results\shift-current\20260915-192359-full-folded-final\wav\0_sine_E5_+7.wav	shift=7
C:\Users\Kian\Desktop\vst_analysis\build\sigcache\sine_E5-8d7c56925c.wav	C:\Users\Kian\Desktop\vst_analysis\results\shift-current\20260915-192359-full-folded-final\wav\0_sine_E5_+12.wav	shift=12
C:\Users\Kian\Desktop\vst_analysis\build\sigcache\sine_E6-da7e711499.wav	C:\Users\Kian\Desktop\vst_analysis\results\shift-current\20260915-192359-full-folded-final\wav\0_sine_E6_-12.wav	shift=-12
C:\Users\Kian\Desktop\vst_analysis\build\sigcache\sine_E6-da7e711499.wav	C:\Users\Kian\Desktop\vst_analysis\results\shift-current\20260915-192359-full-folded-final\wav\0_sine_E6_-7.wav	shift=-7
C:\Users\Kian\Desktop\vst_analysis\build\sigcache\sine_E6-da7e711499.wav	C:\Users\Kian\Desktop\vst_analysis\results\shift-current\20260915-192359-full-folded-final\wav\0_sine_E6_-5.wav	shift=-5
C:\Users\Kian\Desktop\vst_analysis\build\sigcache\sine_E6-da7e711499.wav	C:\Users\Kian\Desktop\vst_analysis\results\shift-current\20260915-192359-full-folded-final\wav\0_sine_E6_-1.wav	shift=-1
C:\Users\Kian\Desktop\vst_analysis\build\sigcache\sine_E6-da7e711499.wav	C:\Users\Kian\Desktop\vst_analysis\results\shift-current\20260915-192359-full-folded-final\wav\0_sine_E6_+1.wav	shift=1
C:\Users\Kian\Desktop\vst_analysis\build\sigcache\sine_E6-da7e711499.wav	C:\Users\Kian\Desktop\vst_analysis\results\shift-current\20260915-192359-full-folded-final\wav\0_sine_E6_+5.wav	shift=5
C:\Users\Kian\Desktop\vst_analysis\build\sigcache\sine_E6-da7e711499.wav	C:\Users\Kian\Desktop\vst_analysis\results\shift-current\20260915-192359-full-folded-final\wav\0_sine_E6_+7.wav	shift=7
C:\Users\Kian\Desktop\vst_analysis\build\sigcache\sine_E6-da7e711499.wav	C:\Users\Kian\Desktop\vst_analysis\results\shift-current\20260915-192359-full-folded-final\wav\0_sine_E6_+12.wav	shift=12
C:\Users\Kian\Desktop\vst_analysis\build\sigcache\harm_E2-d1e44cd884.wav	C:\Users\Kian\Desktop\vst_analysis\results\shift-current\20260915-192359-full-folded-final\wav\0_harm_E2_-12.wav	shift=-12
C:\Users\Kian\Desktop\vst_analysis\build\sigcache\harm_E2-d1e44cd884.wav	C:\Users\Kian\Desktop\vst_analysis\results\shift-current\20260915-192359-full-folded-final\wav\0_harm_E2_-7.wav	shift=-7
C:\Users\Kian\Desktop\vst_analysis\build\sigcache\harm_E2-d1e44cd884.wav	C:\Users\Kian\Desktop\vst_analysis\results\shift-current\20260915-192359-full-folded-final\wav\0_harm_E2_-5.wav	shift=-5
C:\Users\Kian\Desktop\vst_analysis\build\sigcache\harm_E2-d1e44cd884.wav	C:\Users\Kian\Desktop\vst_analysis\results\shift-current\20260915-192359-full-folded-final\wav\0_harm_E2_-1.wav	shift=-1
C:\Users\Kian\Desktop\vst_analysis\build\sigcache\harm_E2-d1e44cd884.wav	C:\Users\Kian\Desktop\vst_analysis\results\shift-current\20260915-192359-full-folded-final\wav\0_harm_E2_+1.wav	shift=1
C:\Users\Kian\Desktop\vst_analysis\build\sigcache\harm_E2-d1e44cd884.wav	C:\Users\Kian\Desktop\vst_analysis\results\shift-current\20260915-192359-full-folded-final\wav\0_harm_E2_+5.wav	shift=5
C:\Users\Kian\Desktop\vst_analysis\build\sigcache\harm_E2-d1e44cd884.wav	C:\Users\Kian\Desktop\vst_analysis\results\shift-current\20260915-192359-full-folded-final\wav\0_harm_E2_+7.wav	shift=7
C:\Users\Kian\Desktop\vst_analysis\build\sigcache\harm_E2-d1e44cd884.wav	C:\Users\Kian\Desktop\vst_analysis\results\shift-current\20260915-192359-full-folded-final\wav\0_harm_E2_+12.wav	shift=12
C:\Users\Kian\Desktop\vst_analysis\build\sigcache\harm_A2-080163cae6.wav	C:\Users\Kian\Desktop\vst_analysis\results\shift-current\20260915-192359-full-folded-final\wav\0_harm_A2_-12.wav	shift=-12
C:\Users\Kian\Desktop\vst_analysis\build\sigcache\harm_A2-080163cae6.wav	C:\Users\Kian\Desktop\vst_analysis\results\shift-current\20260915-192359-full-folded-final\wav\0_harm_A2_-7.wav	shift=-7
C:\Users\Kian\Desktop\vst_analysis\build\sigcache\harm_A2-080163cae6.wav	C:\Users\Kian\Desktop\vst_analysis\results\shift-current\20260915-192359-full-folded-final\wav\0_harm_A2_-5.wav	shift=-5
C:\Users\Kian\Desktop\vst_analysis\build\sigcache\harm_A2-080163cae6.wav	C:\Users\Kian\Desktop\vst_analysis\results\shift-current\20260915-192359-full-folded-final\wav\0_harm_A2_-1.wav	shift=-1
C:\Users\Kian\Desktop\vst_analysis\build\sigcache\harm_A2-080163cae6.wav	C:\Users\Kian\Desktop\vst_analysis\results\shift-current\20260915-192359-full-folded-final\wav\0_harm_A2_+1.wav	shift=1
C:\Users\Kian\Desktop\vst_analysis\build\sigcache\harm_A2-080163cae6.wav	C:\Users\Kian\Desktop\vst_analysis\results\shift-current\20260915-192359-full-folded-final\wav\0_harm_A2_+5.wav	shift=5
C:\Users\Kian\Desktop\vst_analysis\build\sigcache\harm_A2-080163cae6.wav	C:\Users\Kian\Desktop\vst_analysis\results\shift-current\20260915-192359-full-folded-final\wav\0_harm_A2_+7.wav	shift=7
C:\Users\Kian\Desktop\vst_analysis\build\sigcache\harm_A2-080163cae6.wav	C:\Users\Kian\Desktop\vst_analysis\results\shift-current\20260915-192359-full-folded-final\wav\0_harm_A2_+12.wav	shift=12
C:\Users\Kian\Desktop\vst_analysis\build\sigcache\harm_D3-caa9c7e8f6.wav	C:\Users\Kian\Desktop\vst_analysis\results\shift-current\20260915-192359-full-folded-final\wav\0_harm_D3_-12.wav	shift=-12
C:\Users\Kian\Desktop\vst_analysis\build\sigcache\harm_D3-caa9c7e8f6.wav	C:\Users\Kian\Desktop\vst_analysis\results\shift-current\20260915-192359-full-folded-final\wav\0_harm_D3_-7.wav	shift=-7
C:\Users\Kian\Desktop\vst_analysis\build\sigcache\harm_D3-caa9c7e8f6.wav	C:\Users\Kian\Desktop\vst_analysis\results\shift-current\20260915-192359-full-folded-final\wav\0_harm_D3_-5.wav	shift=-5
C:\Users\Kian\Desktop\vst_analysis\build\sigcache\harm_D3-caa9c7e8f6.wav	C:\Users\Kian\Desktop\vst_analysis\results\shift-current\20260915-192359-full-folded-final\wav\0_harm_D3_-1.wav	shift=-1
C:\Users\Kian\Desktop\vst_analysis\build\sigcache\harm_D3-caa9c7e8f6.wav	C:\Users\Kian\Desktop\vst_analysis\results\shift-current\20260915-192359-full-folded-final\wav\0_harm_D3_+1.wav	shift=1
C:\Users\Kian\Desktop\vst_analysis\build\sigcache\harm_D3-caa9c7e8f6.wav	C:\Users\Kian\Desktop\vst_analysis\results\shift-current\20260915-192359-full-folded-final\wav\0_harm_D3_+5.wav	shift=5
C:\Users\Kian\Desktop\vst_analysis\build\sigcache\harm_D3-caa9c7e8f6.wav	C:\Users\Kian\Desktop\vst_analysis\results\shift-current\20260915-192359-full-folded-final\wav\0_harm_D3_+7.wav	shift=7
C:\Users\Kian\Desktop\vst_analysis\build\sigcache\harm_D3-caa9c7e8f6.wav	C:\Users\Kian\Desktop\vst_analysis\results\shift-current\20260915-192359-full-folded-final\wav\0_harm_D3_+12.wav	shift=12
C:\Users\Kian\Desktop\vst_analysis\build\sigcache\harm_B3-10be3110d7.wav	C:\Users\Kian\Desktop\vst_analysis\results\shift-current\20260915-192359-full-folded-final\wav\0_harm_B3_-12.wav	shift=-12
C:\Users\Kian\Desktop\vst_analysis\build\sigcache\harm_B3-10be3110d7.wav	C:\Users\Kian\Desktop\vst_analysis\results\shift-current\20260915-192359-full-folded-final\wav\0_harm_B3_-7.wav	shift=-7
C:\Users\Kian\Desktop\vst_analysis\build\sigcache\harm_B3-10be3110d7.wav	C:\Users\Kian\Desktop\vst_analysis\results\shift-current\20260915-192359-full-folded-final\wav\0_harm_B3_-5.wav	shift=-5
C:\Users\Kian\Desktop\vst_analysis\build\sigcache\harm_B3-10be3110d7.wav	C:\Users\Kian\Desktop\vst_analysis\results\shift-current\20260915-192359-full-folded-final\wav\0_harm_B3_-1.wav	shift=-1
C:\Users\Kian\Desktop\vst_analysis\build\sigcache\harm_B3-10be3110d7.wav	C:\Users\Kian\Desktop\vst_analysis\results\shift-current\20260915-192359-full-folded-final\wav\0_harm_B3_+1.wav	shift=1
C:\Users\Kian\Desktop\vst_analysis\build\sigcache\harm_B3-10be3110d7.wav	C:\Users\Kian\Desktop\vst_analysis\results\shift-current\20260915-192359-full-folded-final\wav\0_harm_B3_+5.wav	shift=5
C:\Users\Kian\Desktop\vst_analysis\build\sigcache\harm_B3-10be3110d7.wav	C:\Users\Kian\Desktop\vst_analysis\results\shift-current\20260915-192359-full-folded-final\wav\0_harm_B3_+7.wav	shift=7
C:\Users\Kian\Desktop\vst_analysis\build\sigcache\harm_B3-10be3110d7.wav	C:\Users\Kian\Desktop\vst_analysis\results\shift-current\20260915-192359-full-folded-final\wav\0_harm_B3_+12.wav	shift=12
C:\Users\Kian\Desktop\vst_analysis\build\sigcache\harm_E4-3ea62c206c.wav	C:\Users\Kian\Desktop\vst_analysis\results\shift-current\20260915-192359-full-folded-final\wav\0_harm_E4_-12.wav	shift=-12
C:\Users\Kian\Desktop\vst_analysis\build\sigcache\harm_E4-3ea62c206c.wav	C:\Users\Kian\Desktop\vst_analysis\results\shift-current\20260915-192359-full-folded-final\wav\0_harm_E4_-7.wav	shift=-7
C:\Users\Kian\Desktop\vst_analysis\build\sigcache\harm_E4-3ea62c206c.wav	C:\Users\Kian\Desktop\vst_analysis\results\shift-current\20260915-192359-full-folded-final\wav\0_harm_E4_-5.wav	shift=-5
C:\Users\Kian\Desktop\vst_analysis\build\sigcache\harm_E4-3ea62c206c.wav	C:\Users\Kian\Desktop\vst_analysis\results\shift-current\20260915-192359-full-folded-final\wav\0_harm_E4_-1.wav	shift=-1
C:\Users\Kian\Desktop\vst_analysis\build\sigcache\harm_E4-3ea62c206c.wav	C:\Users\Kian\Desktop\vst_analysis\results\shift-current\20260915-192359-full-folded-final\wav\0_harm_E4_+1.wav	shift=1
C:\Users\Kian\Desktop\vst_analysis\build\sigcache\harm_E4-3ea62c206c.wav	C:\Users\Kian\Desktop\vst_analysis\results\shift-current\20260915-192359-full-folded-final\wav\0_harm_E4_+5.wav	shift=5
C:\Users\Kian\Desktop\vst_analysis\build\sigcache\harm_E4-3ea62c206c.wav	C:\Users\Kian\Desktop\vst_analysis\results\shift-current\20260915-192359-full-folded-final\wav\0_harm_E4_+7.wav	shift=7
C:\Users\Kian\Desktop\vst_analysis\build\sigcache\harm_E4-3ea62c206c.wav	C:\Users\Kian\Desktop\vst_analysis\results\shift-current\20260915-192359-full-folded-final\wav\0_harm_E4_+12.wav	shift=12
C:\Users\Kian\Desktop\vst_analysis\build\sigcache\pluck_E2-2281918c1d.wav	C:\Users\Kian\Desktop\vst_analysis\results\shift-current\20260915-192359-full-folded-final\wav\0_pluck_E2_-12.wav	shift=-12
C:\Users\Kian\Desktop\vst_analysis\build\sigcache\pluck_E2-2281918c1d.wav	C:\Users\Kian\Desktop\vst_analysis\results\shift-current\20260915-192359-full-folded-final\wav\0_pluck_E2_-7.wav	shift=-7
C:\Users\Kian\Desktop\vst_analysis\build\sigcache\pluck_E2-2281918c1d.wav	C:\Users\Kian\Desktop\vst_analysis\results\shift-current\20260915-192359-full-folded-final\wav\0_pluck_E2_-5.wav	shift=-5
C:\Users\Kian\Desktop\vst_analysis\build\sigcache\pluck_E2-2281918c1d.wav	C:\Users\Kian\Desktop\vst_analysis\results\shift-current\20260915-192359-full-folded-final\wav\0_pluck_E2_-1.wav	shift=-1
C:\Users\Kian\Desktop\vst_analysis\build\sigcache\pluck_E2-2281918c1d.wav	C:\Users\Kian\Desktop\vst_analysis\results\shift-current\20260915-192359-full-folded-final\wav\0_pluck_E2_+1.wav	shift=1
C:\Users\Kian\Desktop\vst_analysis\build\sigcache\pluck_E2-2281918c1d.wav	C:\Users\Kian\Desktop\vst_analysis\results\shift-current\20260915-192359-full-folded-final\wav\0_pluck_E2_+5.wav	shift=5
C:\Users\Kian\Desktop\vst_analysis\build\sigcache\pluck_E2-2281918c1d.wav	C:\Users\Kian\Desktop\vst_analysis\results\shift-current\20260915-192359-full-folded-final\wav\0_pluck_E2_+7.wav	shift=7
C:\Users\Kian\Desktop\vst_analysis\build\sigcache\pluck_E2-2281918c1d.wav	C:\Users\Kian\Desktop\vst_analysis\results\shift-current\20260915-192359-full-folded-final\wav\0_pluck_E2_+12.wav	shift=12
C:\Users\Kian\Desktop\vst_analysis\build\sigcache\pluck_A2-bdd79c33b4.wav	C:\Users\Kian\Desktop\vst_analysis\results\shift-current\20260915-192359-full-folded-final\wav\0_pluck_A2_-12.wav	shift=-12
C:\Users\Kian\Desktop\vst_analysis\build\sigcache\pluck_A2-bdd79c33b4.wav	C:\Users\Kian\Desktop\vst_analysis\results\shift-current\20260915-192359-full-folded-final\wav\0_pluck_A2_-7.wav	shift=-7
C:\Users\Kian\Desktop\vst_analysis\build\sigcache\pluck_A2-bdd79c33b4.wav	C:\Users\Kian\Desktop\vst_analysis\results\shift-current\20260915-192359-full-folded-final\wav\0_pluck_A2_-5.wav	shift=-5
C:\Users\Kian\Desktop\vst_analysis\build\sigcache\pluck_A2-bdd79c33b4.wav	C:\Users\Kian\Desktop\vst_analysis\results\shift-current\20260915-192359-full-folded-final\wav\0_pluck_A2_-1.wav	shift=-1
C:\Users\Kian\Desktop\vst_analysis\build\sigcache\pluck_A2-bdd79c33b4.wav	C:\Users\Kian\Desktop\vst_analysis\results\shift-current\20260915-192359-full-folded-final\wav\0_pluck_A2_+1.wav	shift=1
C:\Users\Kian\Desktop\vst_analysis\build\sigcache\pluck_A2-bdd79c33b4.wav	C:\Users\Kian\Desktop\vst_analysis\results\shift-current\20260915-192359-full-folded-final\wav\0_pluck_A2_+5.wav	shift=5
C:\Users\Kian\Desktop\vst_analysis\build\sigcache\pluck_A2-bdd79c33b4.wav	C:\Users\Kian\Desktop\vst_analysis\results\shift-current\20260915-192359-full-folded-final\wav\0_pluck_A2_+7.wav	shift=7
C:\Users\Kian\Desktop\vst_analysis\build\sigcache\pluck_A2-bdd79c33b4.wav	C:\Users\Kian\Desktop\vst_analysis\results\shift-current\20260915-192359-full-folded-final\wav\0_pluck_A2_+12.wav	shift=12
C:\Users\Kian\Desktop\vst_analysis\build\sigcache\pluck_D3-633ed2e9f9.wav	C:\Users\Kian\Desktop\vst_analysis\results\shift-current\20260915-192359-full-folded-final\wav\0_pluck_D3_-12.wav	shift=-12
C:\Users\Kian\Desktop\vst_analysis\build\sigcache\pluck_D3-633ed2e9f9.wav	C:\Users\Kian\Desktop\vst_analysis\results\shift-current\20260915-192359-full-folded-final\wav\0_pluck_D3_-7.wav	shift=-7
C:\Users\Kian\Desktop\vst_analysis\build\sigcache\pluck_D3-633ed2e9f9.wav	C:\Users\Kian\Desktop\vst_analysis\results\shift-current\20260915-192359-full-folded-final\wav\0_pluck_D3_-5.wav	shift=-5
C:\Users\Kian\Desktop\vst_analysis\build\sigcache\pluck_D3-633ed2e9f9.wav	C:\Users\Kian\Desktop\vst_analysis\results\shift-current\20260915-192359-full-folded-final\wav\0_pluck_D3_-1.wav	shift=-1
C:\Users\Kian\Desktop\vst_analysis\build\sigcache\pluck_D3-633ed2e9f9.wav	C:\Users\Kian\Desktop\vst_analysis\results\shift-current\20260915-192359-full-folded-final\wav\0_pluck_D3_+1.wav	shift=1
C:\Users\Kian\Desktop\vst_analysis\build\sigcache\pluck_D3-633ed2e9f9.wav	C:\Users\Kian\Desktop\vst_analysis\results\shift-current\20260915-192359-full-folded-final\wav\0_pluck_D3_+5.wav	shift=5
C:\Users\Kian\Desktop\vst_analysis\build\sigcache\pluck_D3-633ed2e9f9.wav	C:\Users\Kian\Desktop\vst_analysis\results\shift-current\20260915-192359-full-folded-final\wav\0_pluck_D3_+7.wav	shift=7
C:\Users\Kian\Desktop\vst_analysis\build\sigcache\pluck_D3-633ed2e9f9.wav	C:\Users\Kian\Desktop\vst_analysis\results\shift-current\20260915-192359-full-folded-final\wav\0_pluck_D3_+12.wav	shift=12
C:\Users\Kian\Desktop\vst_analysis\build\sigcache\pluck_G3-4ebf75d60d.wav	C:\Users\Kian\Desktop\vst_analysis\results\shift-current\20260915-192359-full-folded-final\wav\0_pluck_G3_-12.wav	shift=-12
C:\Users\Kian\Desktop\vst_analysis\build\sigcache\pluck_G3-4ebf75d60d.wav	C:\Users\Kian\Desktop\vst_analysis\results\shift-current\20260915-192359-full-folded-final\wav\0_pluck_G3_-7.wav	shift=-7
C:\Users\Kian\Desktop\vst_analysis\build\sigcache\pluck_G3-4ebf75d60d.wav	C:\Users\Kian\Desktop\vst_analysis\results\shift-current\20260915-192359-full-folded-final\wav\0_pluck_G3_-5.wav	shift=-5
C:\Users\Kian\Desktop\vst_analysis\build\sigcache\pluck_G3-4ebf75d60d.wav	C:\Users\Kian\Desktop\vst_analysis\results\shift-current\20260915-192359-full-folded-final\wav\0_pluck_G3_-1.wav	shift=-1
C:\Users\Kian\Desktop\vst_analysis\build\sigcache\pluck_G3-4ebf75d60d.wav	C:\Users\Kian\Desktop\vst_analysis\results\shift-current\20260915-192359-full-folded-final\wav\0_pluck_G3_+1.wav	shift=1
C:\Users\Kian\Desktop\vst_analysis\build\sigcache\pluck_G3-4ebf75d60d.wav	C:\Users\Kian\Desktop\vst_analysis\results\shift-current\20260915-192359-full-folded-final\wav\0_pluck_G3_+5.wav	shift=5
C:\Users\Kian\Desktop\vst_analysis\build\sigcache\pluck_G3-4ebf75d60d.wav	C:\Users\Kian\Desktop\vst_analysis\results\shift-current\20260915-192359-full-folded-final\wav\0_pluck_G3_+7.wav	shift=7
C:\Users\Kian\Desktop\vst_analysis\build\sigcache\pluck_G3-4ebf75d60d.wav	C:\Users\Kian\Desktop\vst_analysis\results\shift-current\20260915-192359-full-folded-final\wav\0_pluck_G3_+12.wav	shift=12
C:\Users\Kian\Desktop\vst_analysis\build\sigcache\pluck_B3-d49ae88043.wav	C:\Users\Kian\Desktop\vst_analysis\results\shift-current\20260915-192359-full-folded-final\wav\0_pluck_B3_-12.wav	shift=-12
C:\Users\Kian\Desktop\vst_analysis\build\sigcache\pluck_B3-d49ae88043.wav	C:\Users\Kian\Desktop\vst_analysis\results\shift-current\20260915-192359-full-folded-final\wav\0_pluck_B3_-7.wav	shift=-7
C:\Users\Kian\Desktop\vst_analysis\build\sigcache\pluck_B3-d49ae88043.wav	C:\Users\Kian\Desktop\vst_analysis\results\shift-current\20260915-192359-full-folded-final\wav\0_pluck_B3_-5.wav	shift=-5
C:\Users\Kian\Desktop\vst_analysis\build\sigcache\pluck_B3-d49ae88043.wav	C:\Users\Kian\Desktop\vst_analysis\results\shift-current\20260915-192359-full-folded-final\wav\0_pluck_B3_-1.wav	shift=-1
C:\Users\Kian\Desktop\vst_analysis\build\sigcache\pluck_B3-d49ae88043.wav	C:\Users\Kian\Desktop\vst_analysis\results\shift-current\20260915-192359-full-folded-final\wav\0_pluck_B3_+1.wav	shift=1
C:\Users\Kian\Desktop\vst_analysis\build\sigcache\pluck_B3-d49ae88043.wav	C:\Users\Kian\Desktop\vst_analysis\results\shift-current\20260915-192359-full-folded-final\wav\0_pluck_B3_+5.wav	shift=5
C:\Users\Kian\Desktop\vst_analysis\build\sigcache\pluck_B3-d49ae88043.wav	C:\Users\Kian\Desktop\vst_analysis\results\shift-current\20260915-192359-full-folded-final\wav\0_pluck_B3_+7.wav	shift=7
C:\Users\Kian\Desktop\vst_analysis\build\sigcache\pluck_B3-d49ae88043.wav	C:\Users\Kian\Desktop\vst_analysis\results\shift-current\20260915-192359-full-folded-final\wav\0_pluck_B3_+12.wav	shift=12
C:\Users\Kian\Desktop\vst_analysis\build\sigcache\pluck_E4-98132046fb.wav	C:\Users\Kian\Desktop\vst_analysis\results\shift-current\20260915-192359-full-folded-final\wav\0_pluck_E4_-12.wav	shift=-12
C:\Users\Kian\Desktop\vst_analysis\build\sigcache\pluck_E4-98132046fb.wav	C:\Users\Kian\Desktop\vst_analysis\results\shift-current\20260915-192359-full-folded-final\wav\0_pluck_E4_-7.wav	shift=-7
C:\Users\Kian\Desktop\vst_analysis\build\sigcache\pluck_E4-98132046fb.wav	C:\Users\Kian\Desktop\vst_analysis\results\shift-current\20260915-192359-full-folded-final\wav\0_pluck_E4_-5.wav	shift=-5
C:\Users\Kian\Desktop\vst_analysis\build\sigcache\pluck_E4-98132046fb.wav	C:\Users\Kian\Desktop\vst_analysis\results\shift-current\20260915-192359-full-folded-final\wav\0_pluck_E4_-1.wav	shift=-1
C:\Users\Kian\Desktop\vst_analysis\build\sigcache\pluck_E4-98132046fb.wav	C:\Users\Kian\Desktop\vst_analysis\results\shift-current\20260915-192359-full-folded-final\wav\0_pluck_E4_+1.wav	shift=1
C:\Users\Kian\Desktop\vst_analysis\build\sigcache\pluck_E4-98132046fb.wav	C:\Users\Kian\Desktop\vst_analysis\results\shift-current\20260915-192359-full-folded-final\wav\0_pluck_E4_+5.wav	shift=5
C:\Users\Kian\Desktop\vst_analysis\build\sigcache\pluck_E4-98132046fb.wav	C:\Users\Kian\Desktop\vst_analysis\results\shift-current\20260915-192359-full-folded-final\wav\0_pluck_E4_+7.wav	shift=7
C:\Users\Kian\Desktop\vst_analysis\build\sigcache\pluck_E4-98132046fb.wav	C:\Users\Kian\Desktop\vst_analysis\results\shift-current\20260915-192359-full-folded-final\wav\0_pluck_E4_+12.wav	shift=12
C:\Users\Kian\Desktop\vst_analysis\build\sigcache\dyad_fifth_E2-db9de73e7c.wav	C:\Users\Kian\Desktop\vst_analysis\results\shift-current\20260915-192359-full-folded-final\wav\0_dyad_fifth_E2_-12.wav	shift=-12
C:\Users\Kian\Desktop\vst_analysis\build\sigcache\dyad_fifth_E2-db9de73e7c.wav	C:\Users\Kian\Desktop\vst_analysis\results\shift-current\20260915-192359-full-folded-final\wav\0_dyad_fifth_E2_-7.wav	shift=-7
C:\Users\Kian\Desktop\vst_analysis\build\sigcache\dyad_fifth_E2-db9de73e7c.wav	C:\Users\Kian\Desktop\vst_analysis\results\shift-current\20260915-192359-full-folded-final\wav\0_dyad_fifth_E2_-5.wav	shift=-5
C:\Users\Kian\Desktop\vst_analysis\build\sigcache\dyad_fifth_E2-db9de73e7c.wav	C:\Users\Kian\Desktop\vst_analysis\results\shift-current\20260915-192359-full-folded-final\wav\0_dyad_fifth_E2_-1.wav	shift=-1
C:\Users\Kian\Desktop\vst_analysis\build\sigcache\dyad_fifth_E2-db9de73e7c.wav	C:\Users\Kian\Desktop\vst_analysis\results\shift-current\20260915-192359-full-folded-final\wav\0_dyad_fifth_E2_+1.wav	shift=1
C:\Users\Kian\Desktop\vst_analysis\build\sigcache\dyad_fifth_E2-db9de73e7c.wav	C:\Users\Kian\Desktop\vst_analysis\results\shift-current\20260915-192359-full-folded-final\wav\0_dyad_fifth_E2_+5.wav	shift=5
C:\Users\Kian\Desktop\vst_analysis\build\sigcache\dyad_fifth_E2-db9de73e7c.wav	C:\Users\Kian\Desktop\vst_analysis\results\shift-current\20260915-192359-full-folded-final\wav\0_dyad_fifth_E2_+7.wav	shift=7
C:\Users\Kian\Desktop\vst_analysis\build\sigcache\dyad_fifth_E2-db9de73e7c.wav	C:\Users\Kian\Desktop\vst_analysis\results\shift-current\20260915-192359-full-folded-final\wav\0_dyad_fifth_E2_+12.wav	shift=12
C:\Users\Kian\Desktop\vst_analysis\build\sigcache\dyad_fourth_A2-a8081ba8de.wav	C:\Users\Kian\Desktop\vst_analysis\results\shift-current\20260915-192359-full-folded-final\wav\0_dyad_fourth_A2_-12.wav	shift=-12
C:\Users\Kian\Desktop\vst_analysis\build\sigcache\dyad_fourth_A2-a8081ba8de.wav	C:\Users\Kian\Desktop\vst_analysis\results\shift-current\20260915-192359-full-folded-final\wav\0_dyad_fourth_A2_-7.wav	shift=-7
C:\Users\Kian\Desktop\vst_analysis\build\sigcache\dyad_fourth_A2-a8081ba8de.wav	C:\Users\Kian\Desktop\vst_analysis\results\shift-current\20260915-192359-full-folded-final\wav\0_dyad_fourth_A2_-5.wav	shift=-5
C:\Users\Kian\Desktop\vst_analysis\build\sigcache\dyad_fourth_A2-a8081ba8de.wav	C:\Users\Kian\Desktop\vst_analysis\results\shift-current\20260915-192359-full-folded-final\wav\0_dyad_fourth_A2_-1.wav	shift=-1
C:\Users\Kian\Desktop\vst_analysis\build\sigcache\dyad_fourth_A2-a8081ba8de.wav	C:\Users\Kian\Desktop\vst_analysis\results\shift-current\20260915-192359-full-folded-final\wav\0_dyad_fourth_A2_+1.wav	shift=1
C:\Users\Kian\Desktop\vst_analysis\build\sigcache\dyad_fourth_A2-a8081ba8de.wav	C:\Users\Kian\Desktop\vst_analysis\results\shift-current\20260915-192359-full-folded-final\wav\0_dyad_fourth_A2_+5.wav	shift=5
C:\Users\Kian\Desktop\vst_analysis\build\sigcache\dyad_fourth_A2-a8081ba8de.wav	C:\Users\Kian\Desktop\vst_analysis\results\shift-current\20260915-192359-full-folded-final\wav\0_dyad_fourth_A2_+7.wav	shift=7
C:\Users\Kian\Desktop\vst_analysis\build\sigcache\dyad_fourth_A2-a8081ba8de.wav	C:\Users\Kian\Desktop\vst_analysis\results\shift-current\20260915-192359-full-folded-final\wav\0_dyad_fourth_A2_+12.wav	shift=12
C:\Users\Kian\Desktop\vst_analysis\build\sigcache\dyad_octave_A2-2719a9e7e0.wav	C:\Users\Kian\Desktop\vst_analysis\results\shift-current\20260915-192359-full-folded-final\wav\0_dyad_octave_A2_-12.wav	shift=-12
C:\Users\Kian\Desktop\vst_analysis\build\sigcache\dyad_octave_A2-2719a9e7e0.wav	C:\Users\Kian\Desktop\vst_analysis\results\shift-current\20260915-192359-full-folded-final\wav\0_dyad_octave_A2_-7.wav	shift=-7
C:\Users\Kian\Desktop\vst_analysis\build\sigcache\dyad_octave_A2-2719a9e7e0.wav	C:\Users\Kian\Desktop\vst_analysis\results\shift-current\20260915-192359-full-folded-final\wav\0_dyad_octave_A2_-5.wav	shift=-5
C:\Users\Kian\Desktop\vst_analysis\build\sigcache\dyad_octave_A2-2719a9e7e0.wav	C:\Users\Kian\Desktop\vst_analysis\results\shift-current\20260915-192359-full-folded-final\wav\0_dyad_octave_A2_-1.wav	shift=-1
C:\Users\Kian\Desktop\vst_analysis\build\sigcache\dyad_octave_A2-2719a9e7e0.wav	C:\Users\Kian\Desktop\vst_analysis\results\shift-current\20260915-192359-full-folded-final\wav\0_dyad_octave_A2_+1.wav	shift=1
C:\Users\Kian\Desktop\vst_analysis\build\sigcache\dyad_octave_A2-2719a9e7e0.wav	C:\Users\Kian\Desktop\vst_analysis\results\shift-current\20260915-192359-full-folded-final\wav\0_dyad_octave_A2_+5.wav	shift=5
C:\Users\Kian\Desktop\vst_analysis\build\sigcache\dyad_octave_A2-2719a9e7e0.wav	C:\Users\Kian\Desktop\vst_analysis\results\shift-current\20260915-192359-full-folded-final\wav\0_dyad_octave_A2_+7.wav	shift=7
C:\Users\Kian\Desktop\vst_analysis\build\sigcache\dyad_octave_A2-2719a9e7e0.wav	C:\Users\Kian\Desktop\vst_analysis\results\shift-current\20260915-192359-full-folded-final\wav\0_dyad_octave_A2_+12.wav	shift=12
C:\Users\Kian\Desktop\vst_analysis\build\sigcache\dyad_maj3_C4-9997798ff2.wav	C:\Users\Kian\Desktop\vst_analysis\results\shift-current\20260915-192359-full-folded-final\wav\0_dyad_maj3_C4_-12.wav	shift=-12
C:\Users\Kian\Desktop\vst_analysis\build\sigcache\dyad_maj3_C4-9997798ff2.wav	C:\Users\Kian\Desktop\vst_analysis\results\shift-current\20260915-192359-full-folded-final\wav\0_dyad_maj3_C4_-7.wav	shift=-7
C:\Users\Kian\Desktop\vst_analysis\build\sigcache\dyad_maj3_C4-9997798ff2.wav	C:\Users\Kian\Desktop\vst_analysis\results\shift-current\20260915-192359-full-folded-final\wav\0_dyad_maj3_C4_-5.wav	shift=-5
C:\Users\Kian\Desktop\vst_analysis\build\sigcache\dyad_maj3_C4-9997798ff2.wav	C:\Users\Kian\Desktop\vst_analysis\results\shift-current\20260915-192359-full-folded-final\wav\0_dyad_maj3_C4_-1.wav	shift=-1
C:\Users\Kian\Desktop\vst_analysis\build\sigcache\dyad_maj3_C4-9997798ff2.wav	C:\Users\Kian\Desktop\vst_analysis\results\shift-current\20260915-192359-full-folded-final\wav\0_dyad_maj3_C4_+1.wav	shift=1
C:\Users\Kian\Desktop\vst_analysis\build\sigcache\dyad_maj3_C4-9997798ff2.wav	C:\Users\Kian\Desktop\vst_analysis\results\shift-current\20260915-192359-full-folded-final\wav\0_dyad_maj3_C4_+5.wav	shift=5
C:\Users\Kian\Desktop\vst_analysis\build\sigcache\dyad_maj3_C4-9997798ff2.wav	C:\Users\Kian\Desktop\vst_analysis\results\shift-current\20260915-192359-full-folded-final\wav\0_dyad_maj3_C4_+7.wav	shift=7
C:\Users\Kian\Desktop\vst_analysis\build\sigcache\dyad_maj3_C4-9997798ff2.wav	C:\Users\Kian\Desktop\vst_analysis\results\shift-current\20260915-192359-full-folded-final\wav\0_dyad_maj3_C4_+12.wav	shift=12
C:\Users\Kian\Desktop\vst_analysis\build\sigcache\dyad_min2_E4-4b67962ad1.wav	C:\Users\Kian\Desktop\vst_analysis\results\shift-current\20260915-192359-full-folded-final\wav\0_dyad_min2_E4_-12.wav	shift=-12
C:\Users\Kian\Desktop\vst_analysis\build\sigcache\dyad_min2_E4-4b67962ad1.wav	C:\Users\Kian\Desktop\vst_analysis\results\shift-current\20260915-192359-full-folded-final\wav\0_dyad_min2_E4_-7.wav	shift=-7
C:\Users\Kian\Desktop\vst_analysis\build\sigcache\dyad_min2_E4-4b67962ad1.wav	C:\Users\Kian\Desktop\vst_analysis\results\shift-current\20260915-192359-full-folded-final\wav\0_dyad_min2_E4_-5.wav	shift=-5
C:\Users\Kian\Desktop\vst_analysis\build\sigcache\dyad_min2_E4-4b67962ad1.wav	C:\Users\Kian\Desktop\vst_analysis\results\shift-current\20260915-192359-full-folded-final\wav\0_dyad_min2_E4_-1.wav	shift=-1
C:\Users\Kian\Desktop\vst_analysis\build\sigcache\dyad_min2_E4-4b67962ad1.wav	C:\Users\Kian\Desktop\vst_analysis\results\shift-current\20260915-192359-full-folded-final\wav\0_dyad_min2_E4_+1.wav	shift=1
C:\Users\Kian\Desktop\vst_analysis\build\sigcache\dyad_min2_E4-4b67962ad1.wav	C:\Users\Kian\Desktop\vst_analysis\results\shift-current\20260915-192359-full-folded-final\wav\0_dyad_min2_E4_+5.wav	shift=5
C:\Users\Kian\Desktop\vst_analysis\build\sigcache\dyad_min2_E4-4b67962ad1.wav	C:\Users\Kian\Desktop\vst_analysis\results\shift-current\20260915-192359-full-folded-final\wav\0_dyad_min2_E4_+7.wav	shift=7
C:\Users\Kian\Desktop\vst_analysis\build\sigcache\dyad_min2_E4-4b67962ad1.wav	C:\Users\Kian\Desktop\vst_analysis\results\shift-current\20260915-192359-full-folded-final\wav\0_dyad_min2_E4_+12.wav	shift=12
C:\Users\Kian\Desktop\vst_analysis\build\sigcache\chord_E5power-6f698d5f7e.wav	C:\Users\Kian\Desktop\vst_analysis\results\shift-current\20260915-192359-full-folded-final\wav\0_chord_E5power_-12.wav	shift=-12
C:\Users\Kian\Desktop\vst_analysis\build\sigcache\chord_E5power-6f698d5f7e.wav	C:\Users\Kian\Desktop\vst_analysis\results\shift-current\20260915-192359-full-folded-final\wav\0_chord_E5power_-7.wav	shift=-7
C:\Users\Kian\Desktop\vst_analysis\build\sigcache\chord_E5power-6f698d5f7e.wav	C:\Users\Kian\Desktop\vst_analysis\results\shift-current\20260915-192359-full-folded-final\wav\0_chord_E5power_-5.wav	shift=-5
C:\Users\Kian\Desktop\vst_analysis\build\sigcache\chord_E5power-6f698d5f7e.wav	C:\Users\Kian\Desktop\vst_analysis\results\shift-current\20260915-192359-full-folded-final\wav\0_chord_E5power_-1.wav	shift=-1
C:\Users\Kian\Desktop\vst_analysis\build\sigcache\chord_E5power-6f698d5f7e.wav	C:\Users\Kian\Desktop\vst_analysis\results\shift-current\20260915-192359-full-folded-final\wav\0_chord_E5power_+1.wav	shift=1
C:\Users\Kian\Desktop\vst_analysis\build\sigcache\chord_E5power-6f698d5f7e.wav	C:\Users\Kian\Desktop\vst_analysis\results\shift-current\20260915-192359-full-folded-final\wav\0_chord_E5power_+5.wav	shift=5
C:\Users\Kian\Desktop\vst_analysis\build\sigcache\chord_E5power-6f698d5f7e.wav	C:\Users\Kian\Desktop\vst_analysis\results\shift-current\20260915-192359-full-folded-final\wav\0_chord_E5power_+7.wav	shift=7
C:\Users\Kian\Desktop\vst_analysis\build\sigcache\chord_E5power-6f698d5f7e.wav	C:\Users\Kian\Desktop\vst_analysis\results\shift-current\20260915-192359-full-folded-final\wav\0_chord_E5power_+12.wav	shift=12
C:\Users\Kian\Desktop\vst_analysis\build\sigcache\chord_Emaj-3d236f891b.wav	C:\Users\Kian\Desktop\vst_analysis\results\shift-current\20260915-192359-full-folded-final\wav\0_chord_Emaj_-12.wav	shift=-12
C:\Users\Kian\Desktop\vst_analysis\build\sigcache\chord_Emaj-3d236f891b.wav	C:\Users\Kian\Desktop\vst_analysis\results\shift-current\20260915-192359-full-folded-final\wav\0_chord_Emaj_-7.wav	shift=-7
C:\Users\Kian\Desktop\vst_analysis\build\sigcache\chord_Emaj-3d236f891b.wav	C:\Users\Kian\Desktop\vst_analysis\results\shift-current\20260915-192359-full-folded-final\wav\0_chord_Emaj_-5.wav	shift=-5
C:\Users\Kian\Desktop\vst_analysis\build\sigcache\chord_Emaj-3d236f891b.wav	C:\Users\Kian\Desktop\vst_analysis\results\shift-current\20260915-192359-full-folded-final\wav\0_chord_Emaj_-1.wav	shift=-1
C:\Users\Kian\Desktop\vst_analysis\build\sigcache\chord_Emaj-3d236f891b.wav	C:\Users\Kian\Desktop\vst_analysis\results\shift-current\20260915-192359-full-folded-final\wav\0_chord_Emaj_+1.wav	shift=1
C:\Users\Kian\Desktop\vst_analysis\build\sigcache\chord_Emaj-3d236f891b.wav	C:\Users\Kian\Desktop\vst_analysis\results\shift-current\20260915-192359-full-folded-final\wav\0_chord_Emaj_+5.wav	shift=5
C:\Users\Kian\Desktop\vst_analysis\build\sigcache\chord_Emaj-3d236f891b.wav	C:\Users\Kian\Desktop\vst_analysis\results\shift-current\20260915-192359-full-folded-final\wav\0_chord_Emaj_+7.wav	shift=7
C:\Users\Kian\Desktop\vst_analysis\build\sigcache\chord_Emaj-3d236f891b.wav	C:\Users\Kian\Desktop\vst_analysis\results\shift-current\20260915-192359-full-folded-final\wav\0_chord_Emaj_+12.wav	shift=12
C:\Users\Kian\Desktop\vst_analysis\build\sigcache\chord_Amin-553b7eb659.wav	C:\Users\Kian\Desktop\vst_analysis\results\shift-current\20260915-192359-full-folded-final\wav\0_chord_Amin_-12.wav	shift=-12
C:\Users\Kian\Desktop\vst_analysis\build\sigcache\chord_Amin-553b7eb659.wav	C:\Users\Kian\Desktop\vst_analysis\results\shift-current\20260915-192359-full-folded-final\wav\0_chord_Amin_-7.wav	shift=-7
C:\Users\Kian\Desktop\vst_analysis\build\sigcache\chord_Amin-553b7eb659.wav	C:\Users\Kian\Desktop\vst_analysis\results\shift-current\20260915-192359-full-folded-final\wav\0_chord_Amin_-5.wav	shift=-5
C:\Users\Kian\Desktop\vst_analysis\build\sigcache\chord_Amin-553b7eb659.wav	C:\Users\Kian\Desktop\vst_analysis\results\shift-current\20260915-192359-full-folded-final\wav\0_chord_Amin_-1.wav	shift=-1
C:\Users\Kian\Desktop\vst_analysis\build\sigcache\chord_Amin-553b7eb659.wav	C:\Users\Kian\Desktop\vst_analysis\results\shift-current\20260915-192359-full-folded-final\wav\0_chord_Amin_+1.wav	shift=1
C:\Users\Kian\Desktop\vst_analysis\build\sigcache\chord_Amin-553b7eb659.wav	C:\Users\Kian\Desktop\vst_analysis\results\shift-current\20260915-192359-full-folded-final\wav\0_chord_Amin_+5.wav	shift=5
C:\Users\Kian\Desktop\vst_analysis\build\sigcache\chord_Amin-553b7eb659.wav	C:\Users\Kian\Desktop\vst_analysis\results\shift-current\20260915-192359-full-folded-final\wav\0_chord_Amin_+7.wav	shift=7
C:\Users\Kian\Desktop\vst_analysis\build\sigcache\chord_Amin-553b7eb659.wav	C:\Users\Kian\Desktop\vst_analysis\results\shift-current\20260915-192359-full-folded-final\wav\0_chord_Amin_+12.wav	shift=12
C:\Users\Kian\Desktop\vst_analysis\build\sigcache\chord_Cmaj7-3a17186689.wav	C:\Users\Kian\Desktop\vst_analysis\results\shift-current\20260915-192359-full-folded-final\wav\0_chord_Cmaj7_-12.wav	shift=-12
C:\Users\Kian\Desktop\vst_analysis\build\sigcache\chord_Cmaj7-3a17186689.wav	C:\Users\Kian\Desktop\vst_analysis\results\shift-current\20260915-192359-full-folded-final\wav\0_chord_Cmaj7_-7.wav	shift=-7
C:\Users\Kian\Desktop\vst_analysis\build\sigcache\chord_Cmaj7-3a17186689.wav	C:\Users\Kian\Desktop\vst_analysis\results\shift-current\20260915-192359-full-folded-final\wav\0_chord_Cmaj7_-5.wav	shift=-5
C:\Users\Kian\Desktop\vst_analysis\build\sigcache\chord_Cmaj7-3a17186689.wav	C:\Users\Kian\Desktop\vst_analysis\results\shift-current\20260915-192359-full-folded-final\wav\0_chord_Cmaj7_-1.wav	shift=-1
C:\Users\Kian\Desktop\vst_analysis\build\sigcache\chord_Cmaj7-3a17186689.wav	C:\Users\Kian\Desktop\vst_analysis\results\shift-current\20260915-192359-full-folded-final\wav\0_chord_Cmaj7_+1.wav	shift=1
C:\Users\Kian\Desktop\vst_analysis\build\sigcache\chord_Cmaj7-3a17186689.wav	C:\Users\Kian\Desktop\vst_analysis\results\shift-current\20260915-192359-full-folded-final\wav\0_chord_Cmaj7_+5.wav	shift=5
C:\Users\Kian\Desktop\vst_analysis\build\sigcache\chord_Cmaj7-3a17186689.wav	C:\Users\Kian\Desktop\vst_analysis\results\shift-current\20260915-192359-full-folded-final\wav\0_chord_Cmaj7_+7.wav	shift=7
C:\Users\Kian\Desktop\vst_analysis\build\sigcache\chord_Cmaj7-3a17186689.wav	C:\Users\Kian\Desktop\vst_analysis\results\shift-current\20260915-192359-full-folded-final\wav\0_chord_Cmaj7_+12.wav	shift=12
C:\Users\Kian\Desktop\vst_analysis\build\sigcache\sweep_80_2k-23764dbef3.wav	C:\Users\Kian\Desktop\vst_analysis\results\shift-current\20260915-192359-full-folded-final\wav\0_sweep_80_2k_-12.wav	shift=-12
C:\Users\Kian\Desktop\vst_analysis\build\sigcache\sweep_80_2k-23764dbef3.wav	C:\Users\Kian\Desktop\vst_analysis\results\shift-current\20260915-192359-full-folded-final\wav\0_sweep_80_2k_-7.wav	shift=-7
C:\Users\Kian\Desktop\vst_analysis\build\sigcache\sweep_80_2k-23764dbef3.wav	C:\Users\Kian\Desktop\vst_analysis\results\shift-current\20260915-192359-full-folded-final\wav\0_sweep_80_2k_-5.wav	shift=-5
C:\Users\Kian\Desktop\vst_analysis\build\sigcache\sweep_80_2k-23764dbef3.wav	C:\Users\Kian\Desktop\vst_analysis\results\shift-current\20260915-192359-full-folded-final\wav\0_sweep_80_2k_-1.wav	shift=-1
C:\Users\Kian\Desktop\vst_analysis\build\sigcache\sweep_80_2k-23764dbef3.wav	C:\Users\Kian\Desktop\vst_analysis\results\shift-current\20260915-192359-full-folded-final\wav\0_sweep_80_2k_+1.wav	shift=1
C:\Users\Kian\Desktop\vst_analysis\build\sigcache\sweep_80_2k-23764dbef3.wav	C:\Users\Kian\Desktop\vst_analysis\results\shift-current\20260915-192359-full-folded-final\wav\0_sweep_80_2k_+5.wav	shift=5
C:\Users\Kian\Desktop\vst_analysis\build\sigcache\sweep_80_2k-23764dbef3.wav	C:\Users\Kian\Desktop\vst_analysis\results\shift-current\20260915-192359-full-folded-final\wav\0_sweep_80_2k_+7.wav	shift=7
C:\Users\Kian\Desktop\vst_analysis\build\sigcache\sweep_80_2k-23764dbef3.wav	C:\Users\Kian\Desktop\vst_analysis\results\shift-current\20260915-192359-full-folded-final\wav\0_sweep_80_2k_+12.wav	shift=12
C:\Users\Kian\Desktop\vst_analysis\build\sigcache\vibrato_D4-90a59e7ab2.wav	C:\Users\Kian\Desktop\vst_analysis\results\shift-current\20260915-192359-full-folded-final\wav\0_vibrato_D4_-12.wav	shift=-12
C:\Users\Kian\Desktop\vst_analysis\build\sigcache\vibrato_D4-90a59e7ab2.wav	C:\Users\Kian\Desktop\vst_analysis\results\shift-current\20260915-192359-full-folded-final\wav\0_vibrato_D4_-7.wav	shift=-7
C:\Users\Kian\Desktop\vst_analysis\build\sigcache\vibrato_D4-90a59e7ab2.wav	C:\Users\Kian\Desktop\vst_analysis\results\shift-current\20260915-192359-full-folded-final\wav\0_vibrato_D4_-5.wav	shift=-5
C:\Users\Kian\Desktop\vst_analysis\build\sigcache\vibrato_D4-90a59e7ab2.wav	C:\Users\Kian\Desktop\vst_analysis\results\shift-current\20260915-192359-full-folded-final\wav\0_vibrato_D4_-1.wav	shift=-1
C:\Users\Kian\Desktop\vst_analysis\build\sigcache\vibrato_D4-90a59e7ab2.wav	C:\Users\Kian\Desktop\vst_analysis\results\shift-current\20260915-192359-full-folded-final\wav\0_vibrato_D4_+1.wav	shift=1
C:\Users\Kian\Desktop\vst_analysis\build\sigcache\vibrato_D4-90a59e7ab2.wav	C:\Users\Kian\Desktop\vst_analysis\results\shift-current\20260915-192359-full-folded-final\wav\0_vibrato_D4_+5.wav	shift=5
C:\Users\Kian\Desktop\vst_analysis\build\sigcache\vibrato_D4-90a59e7ab2.wav	C:\Users\Kian\Desktop\vst_analysis\results\shift-current\20260915-192359-full-folded-final\wav\0_vibrato_D4_+7.wav	shift=7
C:\Users\Kian\Desktop\vst_analysis\build\sigcache\vibrato_D4-90a59e7ab2.wav	C:\Users\Kian\Desktop\vst_analysis\results\shift-current\20260915-192359-full-folded-final\wav\0_vibrato_D4_+12.wav	shift=12
C:\Users\Kian\Desktop\vst_analysis\build\sigcache\vibrato_A2-95db9283ce.wav	C:\Users\Kian\Desktop\vst_analysis\results\shift-current\20260915-192359-full-folded-final\wav\0_vibrato_A2_-12.wav	shift=-12
C:\Users\Kian\Desktop\vst_analysis\build\sigcache\vibrato_A2-95db9283ce.wav	C:\Users\Kian\Desktop\vst_analysis\results\shift-current\20260915-192359-full-folded-final\wav\0_vibrato_A2_-7.wav	shift=-7
C:\Users\Kian\Desktop\vst_analysis\build\sigcache\vibrato_A2-95db9283ce.wav	C:\Users\Kian\Desktop\vst_analysis\results\shift-current\20260915-192359-full-folded-final\wav\0_vibrato_A2_-5.wav	shift=-5
C:\Users\Kian\Desktop\vst_analysis\build\sigcache\vibrato_A2-95db9283ce.wav	C:\Users\Kian\Desktop\vst_analysis\results\shift-current\20260915-192359-full-folded-final\wav\0_vibrato_A2_-1.wav	shift=-1
C:\Users\Kian\Desktop\vst_analysis\build\sigcache\vibrato_A2-95db9283ce.wav	C:\Users\Kian\Desktop\vst_analysis\results\shift-current\20260915-192359-full-folded-final\wav\0_vibrato_A2_+1.wav	shift=1
C:\Users\Kian\Desktop\vst_analysis\build\sigcache\vibrato_A2-95db9283ce.wav	C:\Users\Kian\Desktop\vst_analysis\results\shift-current\20260915-192359-full-folded-final\wav\0_vibrato_A2_+5.wav	shift=5
C:\Users\Kian\Desktop\vst_analysis\build\sigcache\vibrato_A2-95db9283ce.wav	C:\Users\Kian\Desktop\vst_analysis\results\shift-current\20260915-192359-full-folded-final\wav\0_vibrato_A2_+7.wav	shift=7
C:\Users\Kian\Desktop\vst_analysis\build\sigcache\vibrato_A2-95db9283ce.wav	C:\Users\Kian\Desktop\vst_analysis\results\shift-current\20260915-192359-full-folded-final\wav\0_vibrato_A2_+12.wav	shift=12
C:\Users\Kian\Desktop\vst_analysis\build\sigcache\bend_G3-c6d23ff4a7.wav	C:\Users\Kian\Desktop\vst_analysis\results\shift-current\20260915-192359-full-folded-final\wav\0_bend_G3_-12.wav	shift=-12
C:\Users\Kian\Desktop\vst_analysis\build\sigcache\bend_G3-c6d23ff4a7.wav	C:\Users\Kian\Desktop\vst_analysis\results\shift-current\20260915-192359-full-folded-final\wav\0_bend_G3_-7.wav	shift=-7
C:\Users\Kian\Desktop\vst_analysis\build\sigcache\bend_G3-c6d23ff4a7.wav	C:\Users\Kian\Desktop\vst_analysis\results\shift-current\20260915-192359-full-folded-final\wav\0_bend_G3_-5.wav	shift=-5
C:\Users\Kian\Desktop\vst_analysis\build\sigcache\bend_G3-c6d23ff4a7.wav	C:\Users\Kian\Desktop\vst_analysis\results\shift-current\20260915-192359-full-folded-final\wav\0_bend_G3_-1.wav	shift=-1
C:\Users\Kian\Desktop\vst_analysis\build\sigcache\bend_G3-c6d23ff4a7.wav	C:\Users\Kian\Desktop\vst_analysis\results\shift-current\20260915-192359-full-folded-final\wav\0_bend_G3_+1.wav	shift=1
C:\Users\Kian\Desktop\vst_analysis\build\sigcache\bend_G3-c6d23ff4a7.wav	C:\Users\Kian\Desktop\vst_analysis\results\shift-current\20260915-192359-full-folded-final\wav\0_bend_G3_+5.wav	shift=5
C:\Users\Kian\Desktop\vst_analysis\build\sigcache\bend_G3-c6d23ff4a7.wav	C:\Users\Kian\Desktop\vst_analysis\results\shift-current\20260915-192359-full-folded-final\wav\0_bend_G3_+7.wav	shift=7
C:\Users\Kian\Desktop\vst_analysis\build\sigcache\bend_G3-c6d23ff4a7.wav	C:\Users\Kian\Desktop\vst_analysis\results\shift-current\20260915-192359-full-folded-final\wav\0_bend_G3_+12.wav	shift=12
C:\Users\Kian\Desktop\vst_analysis\build\sigcache\burst_E3-0d5c5dd5ff.wav	C:\Users\Kian\Desktop\vst_analysis\results\shift-current\20260915-192359-full-folded-final\wav\0_burst_E3_-12.wav	shift=-12
C:\Users\Kian\Desktop\vst_analysis\build\sigcache\burst_E3-0d5c5dd5ff.wav	C:\Users\Kian\Desktop\vst_analysis\results\shift-current\20260915-192359-full-folded-final\wav\0_burst_E3_-7.wav	shift=-7
C:\Users\Kian\Desktop\vst_analysis\build\sigcache\burst_E3-0d5c5dd5ff.wav	C:\Users\Kian\Desktop\vst_analysis\results\shift-current\20260915-192359-full-folded-final\wav\0_burst_E3_-5.wav	shift=-5
C:\Users\Kian\Desktop\vst_analysis\build\sigcache\burst_E3-0d5c5dd5ff.wav	C:\Users\Kian\Desktop\vst_analysis\results\shift-current\20260915-192359-full-folded-final\wav\0_burst_E3_-1.wav	shift=-1
C:\Users\Kian\Desktop\vst_analysis\build\sigcache\burst_E3-0d5c5dd5ff.wav	C:\Users\Kian\Desktop\vst_analysis\results\shift-current\20260915-192359-full-folded-final\wav\0_burst_E3_+1.wav	shift=1
C:\Users\Kian\Desktop\vst_analysis\build\sigcache\burst_E3-0d5c5dd5ff.wav	C:\Users\Kian\Desktop\vst_analysis\results\shift-current\20260915-192359-full-folded-final\wav\0_burst_E3_+5.wav	shift=5
C:\Users\Kian\Desktop\vst_analysis\build\sigcache\burst_E3-0d5c5dd5ff.wav	C:\Users\Kian\Desktop\vst_analysis\results\shift-current\20260915-192359-full-folded-final\wav\0_burst_E3_+7.wav	shift=7
C:\Users\Kian\Desktop\vst_analysis\build\sigcache\burst_E3-0d5c5dd5ff.wav	C:\Users\Kian\Desktop\vst_analysis\results\shift-current\20260915-192359-full-folded-final\wav\0_burst_E3_+12.wav	shift=12
C:\Users\Kian\Desktop\vst_analysis\build\sigcache\burst_A4-125ec094cd.wav	C:\Users\Kian\Desktop\vst_analysis\results\shift-current\20260915-192359-full-folded-final\wav\0_burst_A4_-12.wav	shift=-12
C:\Users\Kian\Desktop\vst_analysis\build\sigcache\burst_A4-125ec094cd.wav	C:\Users\Kian\Desktop\vst_analysis\results\shift-current\20260915-192359-full-folded-final\wav\0_burst_A4_-7.wav	shift=-7
C:\Users\Kian\Desktop\vst_analysis\build\sigcache\burst_A4-125ec094cd.wav	C:\Users\Kian\Desktop\vst_analysis\results\shift-current\20260915-192359-full-folded-final\wav\0_burst_A4_-5.wav	shift=-5
C:\Users\Kian\Desktop\vst_analysis\build\sigcache\burst_A4-125ec094cd.wav	C:\Users\Kian\Desktop\vst_analysis\results\shift-current\20260915-192359-full-folded-final\wav\0_burst_A4_-1.wav	shift=-1
C:\Users\Kian\Desktop\vst_analysis\build\sigcache\burst_A4-125ec094cd.wav	C:\Users\Kian\Desktop\vst_analysis\results\shift-current\20260915-192359-full-folded-final\wav\0_burst_A4_+1.wav	shift=1
C:\Users\Kian\Desktop\vst_analysis\build\sigcache\burst_A4-125ec094cd.wav	C:\Users\Kian\Desktop\vst_analysis\results\shift-current\20260915-192359-full-folded-final\wav\0_burst_A4_+5.wav	shift=5
C:\Users\Kian\Desktop\vst_analysis\build\sigcache\burst_A4-125ec094cd.wav	C:\Users\Kian\Desktop\vst_analysis\results\shift-current\20260915-192359-full-folded-final\wav\0_burst_A4_+7.wav	shift=7
C:\Users\Kian\Desktop\vst_analysis\build\sigcache\burst_A4-125ec094cd.wav	C:\Users\Kian\Desktop\vst_analysis\results\shift-current\20260915-192359-full-folded-final\wav\0_burst_A4_+12.wav	shift=12
C:\Users\Kian\Desktop\vst_analysis\build\sigcache\burst_E5_saw-f198bcd1bb.wav	C:\Users\Kian\Desktop\vst_analysis\results\shift-current\20260915-192359-full-folded-final\wav\0_burst_E5_saw_-12.wav	shift=-12
C:\Users\Kian\Desktop\vst_analysis\build\sigcache\burst_E5_saw-f198bcd1bb.wav	C:\Users\Kian\Desktop\vst_analysis\results\shift-current\20260915-192359-full-folded-final\wav\0_burst_E5_saw_-7.wav	shift=-7
C:\Users\Kian\Desktop\vst_analysis\build\sigcache\burst_E5_saw-f198bcd1bb.wav	C:\Users\Kian\Desktop\vst_analysis\results\shift-current\20260915-192359-full-folded-final\wav\0_burst_E5_saw_-5.wav	shift=-5
C:\Users\Kian\Desktop\vst_analysis\build\sigcache\burst_E5_saw-f198bcd1bb.wav	C:\Users\Kian\Desktop\vst_analysis\results\shift-current\20260915-192359-full-folded-final\wav\0_burst_E5_saw_-1.wav	shift=-1
C:\Users\Kian\Desktop\vst_analysis\build\sigcache\burst_E5_saw-f198bcd1bb.wav	C:\Users\Kian\Desktop\vst_analysis\results\shift-current\20260915-192359-full-folded-final\wav\0_burst_E5_saw_+1.wav	shift=1
C:\Users\Kian\Desktop\vst_analysis\build\sigcache\burst_E5_saw-f198bcd1bb.wav	C:\Users\Kian\Desktop\vst_analysis\results\shift-current\20260915-192359-full-folded-final\wav\0_burst_E5_saw_+5.wav	shift=5
C:\Users\Kian\Desktop\vst_analysis\build\sigcache\burst_E5_saw-f198bcd1bb.wav	C:\Users\Kian\Desktop\vst_analysis\results\shift-current\20260915-192359-full-folded-final\wav\0_burst_E5_saw_+7.wav	shift=7
C:\Users\Kian\Desktop\vst_analysis\build\sigcache\burst_E5_saw-f198bcd1bb.wav	C:\Users\Kian\Desktop\vst_analysis\results\shift-current\20260915-192359-full-folded-final\wav\0_burst_E5_saw_+12.wav	shift=12
C:\Users\Kian\Desktop\vst_analysis\build\sigcache\staccato_E3_16-77f211d168.wav	C:\Users\Kian\Desktop\vst_analysis\results\shift-current\20260915-192359-full-folded-final\wav\0_staccato_E3_16_-12.wav	shift=-12
C:\Users\Kian\Desktop\vst_analysis\build\sigcache\staccato_E3_16-77f211d168.wav	C:\Users\Kian\Desktop\vst_analysis\results\shift-current\20260915-192359-full-folded-final\wav\0_staccato_E3_16_-7.wav	shift=-7
C:\Users\Kian\Desktop\vst_analysis\build\sigcache\staccato_E3_16-77f211d168.wav	C:\Users\Kian\Desktop\vst_analysis\results\shift-current\20260915-192359-full-folded-final\wav\0_staccato_E3_16_-5.wav	shift=-5
C:\Users\Kian\Desktop\vst_analysis\build\sigcache\staccato_E3_16-77f211d168.wav	C:\Users\Kian\Desktop\vst_analysis\results\shift-current\20260915-192359-full-folded-final\wav\0_staccato_E3_16_-1.wav	shift=-1
C:\Users\Kian\Desktop\vst_analysis\build\sigcache\staccato_E3_16-77f211d168.wav	C:\Users\Kian\Desktop\vst_analysis\results\shift-current\20260915-192359-full-folded-final\wav\0_staccato_E3_16_+1.wav	shift=1
C:\Users\Kian\Desktop\vst_analysis\build\sigcache\staccato_E3_16-77f211d168.wav	C:\Users\Kian\Desktop\vst_analysis\results\shift-current\20260915-192359-full-folded-final\wav\0_staccato_E3_16_+5.wav	shift=5
C:\Users\Kian\Desktop\vst_analysis\build\sigcache\staccato_E3_16-77f211d168.wav	C:\Users\Kian\Desktop\vst_analysis\results\shift-current\20260915-192359-full-folded-final\wav\0_staccato_E3_16_+7.wav	shift=7
C:\Users\Kian\Desktop\vst_analysis\build\sigcache\staccato_E3_16-77f211d168.wav	C:\Users\Kian\Desktop\vst_analysis\results\shift-current\20260915-192359-full-folded-final\wav\0_staccato_E3_16_+12.wav	shift=12
C:\Users\Kian\Desktop\vst_analysis\build\sigcache\staccato_A2_8-5c770114df.wav	C:\Users\Kian\Desktop\vst_analysis\results\shift-current\20260915-192359-full-folded-final\wav\0_staccato_A2_8_-12.wav	shift=-12
C:\Users\Kian\Desktop\vst_analysis\build\sigcache\staccato_A2_8-5c770114df.wav	C:\Users\Kian\Desktop\vst_analysis\results\shift-current\20260915-192359-full-folded-final\wav\0_staccato_A2_8_-7.wav	shift=-7
C:\Users\Kian\Desktop\vst_analysis\build\sigcache\staccato_A2_8-5c770114df.wav	C:\Users\Kian\Desktop\vst_analysis\results\shift-current\20260915-192359-full-folded-final\wav\0_staccato_A2_8_-5.wav	shift=-5
C:\Users\Kian\Desktop\vst_analysis\build\sigcache\staccato_A2_8-5c770114df.wav	C:\Users\Kian\Desktop\vst_analysis\results\shift-current\20260915-192359-full-folded-final\wav\0_staccato_A2_8_-1.wav	shift=-1
C:\Users\Kian\Desktop\vst_analysis\build\sigcache\staccato_A2_8-5c770114df.wav	C:\Users\Kian\Desktop\vst_analysis\results\shift-current\20260915-192359-full-folded-final\wav\0_staccato_A2_8_+1.wav	shift=1
C:\Users\Kian\Desktop\vst_analysis\build\sigcache\staccato_A2_8-5c770114df.wav	C:\Users\Kian\Desktop\vst_analysis\results\shift-current\20260915-192359-full-folded-final\wav\0_staccato_A2_8_+5.wav	shift=5
C:\Users\Kian\Desktop\vst_analysis\build\sigcache\staccato_A2_8-5c770114df.wav	C:\Users\Kian\Desktop\vst_analysis\results\shift-current\20260915-192359-full-folded-final\wav\0_staccato_A2_8_+7.wav	shift=7
C:\Users\Kian\Desktop\vst_analysis\build\sigcache\staccato_A2_8-5c770114df.wav	C:\Users\Kian\Desktop\vst_analysis\results\shift-current\20260915-192359-full-folded-final\wav\0_staccato_A2_8_+12.wav	shift=12
C:\Users\Kian\Desktop\vst_analysis\build\sigcache\decay_A3-1048c41cd2.wav	C:\Users\Kian\Desktop\vst_analysis\results\shift-current\20260915-192359-full-folded-final\wav\0_decay_A3_-12.wav	shift=-12
C:\Users\Kian\Desktop\vst_analysis\build\sigcache\decay_A3-1048c41cd2.wav	C:\Users\Kian\Desktop\vst_analysis\results\shift-current\20260915-192359-full-folded-final\wav\0_decay_A3_-7.wav	shift=-7
C:\Users\Kian\Desktop\vst_analysis\build\sigcache\decay_A3-1048c41cd2.wav	C:\Users\Kian\Desktop\vst_analysis\results\shift-current\20260915-192359-full-folded-final\wav\0_decay_A3_-5.wav	shift=-5
C:\Users\Kian\Desktop\vst_analysis\build\sigcache\decay_A3-1048c41cd2.wav	C:\Users\Kian\Desktop\vst_analysis\results\shift-current\20260915-192359-full-folded-final\wav\0_decay_A3_-1.wav	shift=-1
C:\Users\Kian\Desktop\vst_analysis\build\sigcache\decay_A3-1048c41cd2.wav	C:\Users\Kian\Desktop\vst_analysis\results\shift-current\20260915-192359-full-folded-final\wav\0_decay_A3_+1.wav	shift=1
C:\Users\Kian\Desktop\vst_analysis\build\sigcache\decay_A3-1048c41cd2.wav	C:\Users\Kian\Desktop\vst_analysis\results\shift-current\20260915-192359-full-folded-final\wav\0_decay_A3_+5.wav	shift=5
C:\Users\Kian\Desktop\vst_analysis\build\sigcache\decay_A3-1048c41cd2.wav	C:\Users\Kian\Desktop\vst_analysis\results\shift-current\20260915-192359-full-folded-final\wav\0_decay_A3_+7.wav	shift=7
C:\Users\Kian\Desktop\vst_analysis\build\sigcache\decay_A3-1048c41cd2.wav	C:\Users\Kian\Desktop\vst_analysis\results\shift-current\20260915-192359-full-folded-final\wav\0_decay_A3_+12.wav	shift=12
C:\Users\Kian\Desktop\vst_analysis\build\sigcache\click-3a75113521.wav	C:\Users\Kian\Desktop\vst_analysis\results\shift-current\20260915-192359-full-folded-final\wav\0_click_-12.wav	shift=-12
C:\Users\Kian\Desktop\vst_analysis\build\sigcache\click-3a75113521.wav	C:\Users\Kian\Desktop\vst_analysis\results\shift-current\20260915-192359-full-folded-final\wav\0_click_-7.wav	shift=-7
C:\Users\Kian\Desktop\vst_analysis\build\sigcache\click-3a75113521.wav	C:\Users\Kian\Desktop\vst_analysis\results\shift-current\20260915-192359-full-folded-final\wav\0_click_-5.wav	shift=-5
C:\Users\Kian\Desktop\vst_analysis\build\sigcache\click-3a75113521.wav	C:\Users\Kian\Desktop\vst_analysis\results\shift-current\20260915-192359-full-folded-final\wav\0_click_-1.wav	shift=-1
C:\Users\Kian\Desktop\vst_analysis\build\sigcache\click-3a75113521.wav	C:\Users\Kian\Desktop\vst_analysis\results\shift-current\20260915-192359-full-folded-final\wav\0_click_+1.wav	shift=1
C:\Users\Kian\Desktop\vst_analysis\build\sigcache\click-3a75113521.wav	C:\Users\Kian\Desktop\vst_analysis\results\shift-current\20260915-192359-full-folded-final\wav\0_click_+5.wav	shift=5
C:\Users\Kian\Desktop\vst_analysis\build\sigcache\click-3a75113521.wav	C:\Users\Kian\Desktop\vst_analysis\results\shift-current\20260915-192359-full-folded-final\wav\0_click_+7.wav	shift=7
C:\Users\Kian\Desktop\vst_analysis\build\sigcache\click-3a75113521.wav	C:\Users\Kian\Desktop\vst_analysis\results\shift-current\20260915-192359-full-folded-final\wav\0_click_+12.wav	shift=12
C:\Users\Kian\Desktop\vst_analysis\build\sigcache\noise_white-769932d60b.wav	C:\Users\Kian\Desktop\vst_analysis\results\shift-current\20260915-192359-full-folded-final\wav\0_noise_white_-12.wav	shift=-12
C:\Users\Kian\Desktop\vst_analysis\build\sigcache\noise_white-769932d60b.wav	C:\Users\Kian\Desktop\vst_analysis\results\shift-current\20260915-192359-full-folded-final\wav\0_noise_white_-7.wav	shift=-7
C:\Users\Kian\Desktop\vst_analysis\build\sigcache\noise_white-769932d60b.wav	C:\Users\Kian\Desktop\vst_analysis\results\shift-current\20260915-192359-full-folded-final\wav\0_noise_white_-5.wav	shift=-5
C:\Users\Kian\Desktop\vst_analysis\build\sigcache\noise_white-769932d60b.wav	C:\Users\Kian\Desktop\vst_analysis\results\shift-current\20260915-192359-full-folded-final\wav\0_noise_white_-1.wav	shift=-1
C:\Users\Kian\Desktop\vst_analysis\build\sigcache\noise_white-769932d60b.wav	C:\Users\Kian\Desktop\vst_analysis\results\shift-current\20260915-192359-full-folded-final\wav\0_noise_white_+1.wav	shift=1
C:\Users\Kian\Desktop\vst_analysis\build\sigcache\noise_white-769932d60b.wav	C:\Users\Kian\Desktop\vst_analysis\results\shift-current\20260915-192359-full-folded-final\wav\0_noise_white_+5.wav	shift=5
C:\Users\Kian\Desktop\vst_analysis\build\sigcache\noise_white-769932d60b.wav	C:\Users\Kian\Desktop\vst_analysis\results\shift-current\20260915-192359-full-folded-final\wav\0_noise_white_+7.wav	shift=7
C:\Users\Kian\Desktop\vst_analysis\build\sigcache\noise_white-769932d60b.wav	C:\Users\Kian\Desktop\vst_analysis\results\shift-current\20260915-192359-full-folded-final\wav\0_noise_white_+12.wav	shift=12
C:\Users\Kian\Desktop\vst_analysis\build\sigcache\noise_pink-ca5dcbfde6.wav	C:\Users\Kian\Desktop\vst_analysis\results\shift-current\20260915-192359-full-folded-final\wav\0_noise_pink_-12.wav	shift=-12
C:\Users\Kian\Desktop\vst_analysis\build\sigcache\noise_pink-ca5dcbfde6.wav	C:\Users\Kian\Desktop\vst_analysis\results\shift-current\20260915-192359-full-folded-final\wav\0_noise_pink_-7.wav	shift=-7
C:\Users\Kian\Desktop\vst_analysis\build\sigcache\noise_pink-ca5dcbfde6.wav	C:\Users\Kian\Desktop\vst_analysis\results\shift-current\20260915-192359-full-folded-final\wav\0_noise_pink_-5.wav	shift=-5
C:\Users\Kian\Desktop\vst_analysis\build\sigcache\noise_pink-ca5dcbfde6.wav	C:\Users\Kian\Desktop\vst_analysis\results\shift-current\20260915-192359-full-folded-final\wav\0_noise_pink_-1.wav	shift=-1
C:\Users\Kian\Desktop\vst_analysis\build\sigcache\noise_pink-ca5dcbfde6.wav	C:\Users\Kian\Desktop\vst_analysis\results\shift-current\20260915-192359-full-folded-final\wav\0_noise_pink_+1.wav	shift=1
C:\Users\Kian\Desktop\vst_analysis\build\sigcache\noise_pink-ca5dcbfde6.wav	C:\Users\Kian\Desktop\vst_analysis\results\shift-current\20260915-192359-full-folded-final\wav\0_noise_pink_+5.wav	shift=5
C:\Users\Kian\Desktop\vst_analysis\build\sigcache\noise_pink-ca5dcbfde6.wav	C:\Users\Kian\Desktop\vst_analysis\results\shift-current\20260915-192359-full-folded-final\wav\0_noise_pink_+7.wav	shift=7
C:\Users\Kian\Desktop\vst_analysis\build\sigcache\noise_pink-ca5dcbfde6.wav	C:\Users\Kian\Desktop\vst_analysis\results\shift-current\20260915-192359-full-folded-final\wav\0_noise_pink_+12.wav	shift=12
C:\Users\Kian\Desktop\vst_analysis\build\sigcache\silence-95bca61f4e.wav	C:\Users\Kian\Desktop\vst_analysis\results\shift-current\20260915-192359-full-folded-final\wav\0_silence_+12.wav	shift=12
